POWERUP 1 100 240 120
POWERUP 2 200 240 120
INIMIGO 1 10150 240 120
INIMIGO 1 10250 240 120
INIMIGO 1 10350 240 120
INIMIGO 1 10450 240 120
INIMIGO 1 10550 240 120
INIMIGO 1 10650 240 120
INIMIGO 1 10750 240 120
INIMIGO 1 10850 240 120
INIMIGO 1 10950 240 120
POWERUP 2 20000 240 120
INIMIGO 2 11000 400 120
INIMIGO 2 11050 400 120
INIMIGO 2 11100 400 120
INIMIGO 2 11150 400 120
INIMIGO 2 11200 400 120
INIMIGO 2 11250 400 120
INIMIGO 2 11300 400 120
INIMIGO 2 11350 400 120
INIMIGO 2 11400 400 120
INIMIGO 2 11450 400 120
INIMIGO 2 11000 80 120
INIMIGO 2 11050 80 120
INIMIGO 2 11100 80 120
INIMIGO 2 11150 80 120
INIMIGO 2 11200 80 120
INIMIGO 2 11250 80 120
INIMIGO 2 11300 80 120
INIMIGO 2 11350 80 120
INIMIGO 2 11400 80 120
INIMIGO 2 11450 80 120
CHEFE 1 100 1000 150 200  